[
/* Jan 2012 */
[1325548800000,409.40,412.50,409.00,411.23,10794957],
[1325635200000,410.00,414.68,409.28,413.44,9294444],
[1325721600000,414.95,418.55,412.67,418.03,9688115],
[1325808000000,419.77,422.75,419.22,422.40,11370916],
[1326067200000,425.50,427.75,421.35,421.73,14072256],
[1326153600000,425.91,426.00,421.50,423.24,9225966],
[1326240000000,422.68,422.85,419.31,422.55,7685437],
[1326326400000,422.28,422.90,418.75,421.39,7597273],
[1326412800000,419.70,420.45,418.66,419.81,8077107],
[1326758400000,424.20,425.99,422.96,424.70,8674865],
[1326844800000,426.96,429.47,426.30,429.11,9885394],
[1326931200000,430.15,431.37,426.51,427.75,9347779],
[1327017600000,427.49,427.50,419.75,420.30,14784607],
[1327276800000,422.67,428.45,422.30,427.41,10930778],
[1327363200000,425.10,425.10,419.55,420.41,19558473],
[1327449600000,454.44,454.45,443.73,446.66,34223691],
[1327536000000,448.36,448.79,443.14,444.63,11579673],
[1327622400000,444.34,448.48,443.77,447.28,10710233],
[1327881600000,445.71,453.90,445.39,453.01,13547439],
[1327968000000,455.59,458.24,453.07,456.48,13996855],
/* Feb 2012 */
[1328054400000,458.41,458.99,455.55,456.19,9644366],
[1328140800000,455.90,457.17,453.98,455.12,6671221],
[1328227200000,457.30,460.00,455.56,459.68,10245287],
[1328486400000,458.38,464.98,458.20,463.97,8917228],
[1328572800000,465.25,469.75,464.58,468.83,11293609],
[1328659200000,470.50,476.79,469.70,476.68,14567040],
[1328745600000,480.76,496.75,480.56,493.17,31579086],
[1328832000000,490.96,497.62,488.55,493.42,22546425],
[1329091200000,499.53,503.83,497.09,502.60,18471658],
[1329177600000,504.66,509.56,502.00,509.46,16497573],
[1329264000000,514.26,526.29,496.89,497.67,53789720],
[1329350400000,491.50,504.89,486.63,502.21,33733915],
[1329436800000,503.11,507.77,500.30,502.12,19135313],
[1329782400000,506.88,514.85,504.12,514.85,21628057],
[1329868800000,513.08,515.49,509.07,513.04,17260544],
[1329955200000,515.08,517.83,509.50,516.39,20286616],
[1330041600000,519.67,522.90,518.64,522.41,14831415],
[1330300800000,521.31,528.50,516.28,525.76,19556472],
[1330387200000,527.96,535.41,525.85,535.41,21442354],
[1330473600000,541.56,547.61,535.70,542.44,34000054],
/* Mar 2012 */
[1330560000000,548.17,548.21,538.77,544.47,24401884],
[1330646400000,544.24,546.80,542.52,545.18,15418227],
[1330905600000,545.42,547.48,526.00,533.16,28897169],
[1330992000000,523.66,533.69,516.22,530.26,28937093],
[1331078400000,536.80,537.78,523.30,530.69,28518507],
[1331164800000,534.69,542.99,532.12,541.99,18444389],
[1331251200000,544.21,547.74,543.11,545.17,14960676],
[1331510400000,548.98,552.00,547.00,552.00,14545717],
[1331596800000,557.54,568.18,555.75,568.10,24673237],
[1331683200000,578.05,594.72,575.40,589.58,50672821],
[1331769600000,599.61,600.01,578.55,585.56,41416824],
[1331856000000,584.72,589.20,578.00,585.57,29481697],
[1332115200000,598.37,601.77,589.05,601.10,32186970],
[1332201600000,599.51,606.90,582.00,605.96,29166719],
[1332288000000,602.74,609.65,601.41,602.50,23001482],
[1332374400000,597.78,604.50,595.53,599.34,22290414],
[1332460800000,600.49,601.80,594.40,596.05,15374545],
[1332720000000,599.79,607.15,595.26,606.98,21276317],
[1332806400000,606.18,616.28,606.06,614.48,21683163],
[1332892800000,618.38,621.45,610.31,617.62,23409267],
[1332979200000,612.78,616.56,607.23,609.86,21722776],
[1333065600000,608.77,610.56,597.94,599.55,26108485],
/* Apr 2012 */
[1333324800000,601.83,618.77,600.38,618.63,21369494],
[1333411200000,627.30,632.21,622.51,629.32,29805480],
[1333497600000,624.35,625.86,617.00,624.31,20463585],
[1333584000000,626.98,634.66,623.40,633.68,22902694],
[1333929600000,626.13,639.84,625.30,636.23,21340578],
[1334016000000,639.93,644.00,626.00,628.44,31774636],
[1334102400000,636.20,636.87,623.34,626.20,24878967],
[1334188800000,625.00,631.33,620.50,622.77,21940309],
[1334275200000,624.11,624.70,603.51,605.23,30701581],
[1334534400000,610.06,610.28,578.25,580.13,37528008],
[1334620800000,578.94,610.00,571.91,609.70,36624496],
[1334707200000,613.72,620.25,602.71,608.34,34090353],
[1334793600000,600.22,604.73,584.52,587.44,29811195],
[1334880000000,591.38,594.62,570.42,572.98,36820544],
[1335139200000,570.61,576.67,556.62,571.70,34518497],
[1335225600000,562.61,567.69,555.00,560.28,38442834],
[1335312000000,615.64,618.00,606.00,610.00,32346810],
[1335398400000,614.27,614.69,602.13,607.70,19145182],
[1335484800000,605.07,606.18,600.50,603.00,14527500],
[1335744000000,597.80,598.40,583.00,583.98,18076434],
/* May 2012 */
[1335830400000,584.90,596.76,581.23,582.13,21821359],
[1335916800000,580.24,587.40,578.86,585.98,15272288],
[1336003200000,590.50,591.40,580.30,581.82,13948151],
[1336089600000,577.08,578.36,565.17,565.25,18928203],
[1336348800000,561.50,572.77,561.23,569.48,16439031],
[1336435200000,569.58,571.50,558.73,568.18,17758960],
[1336521600000,563.70,573.98,560.85,569.18,17167989],
[1336608000000,574.58,575.88,568.44,570.52,11902536],
[1336694400000,565.00,574.47,564.35,566.71,14269476],
[1336953600000,562.57,567.51,557.60,558.22,12593729],
[1337040000000,561.45,563.22,551.75,553.17,17010954],
[1337126400000,554.05,556.89,541.04,546.08,20031982],
[1337212800000,545.31,547.50,530.12,530.12,25614959],
[1337299200000,533.96,543.41,522.18,530.38,26153209],
[1337558400000,534.50,561.54,534.05,561.28,22538970],
[1337644800000,569.55,573.88,552.58,556.97,24813822],
[1337731200000,557.50,572.80,553.23,570.56,20889195],
[1337817600000,575.87,576.50,561.23,565.32,17721358],
[1337904000000,564.59,565.85,558.47,562.29,11730936],
[1338249600000,570.90,574.00,565.31,572.27,13589478],
[1338336000000,569.20,579.99,566.56,579.17,18907887],
[1338422400000,580.74,581.50,571.46,577.73,17568229],
/* Jun 2012 */
[1338508800000,569.16,572.65,560.52,560.99,18606442],
[1338768000000,561.50,567.50,548.50,564.29,19892447],
[1338854400000,561.27,566.47,558.33,562.83,13864768],
[1338940800000,567.77,573.85,565.50,571.46,14337466],
[1339027200000,577.29,577.32,570.50,571.72,13570452],
[1339113600000,571.60,580.58,569.00,580.32,12410410],
[1339372800000,587.72,588.50,570.63,571.17,21116528],
[1339459200000,574.46,576.62,566.70,576.16,15556423],
[1339545600000,574.52,578.48,570.38,572.16,10491890],
[1339632000000,571.24,573.50,567.26,571.53,12351469],
[1339718400000,571.00,574.62,569.55,574.13,11973340],
[1339977600000,570.96,587.89,570.37,585.78,15728970],
[1340064000000,583.40,590.00,583.10,587.41,12907276],
[1340150400000,588.21,589.25,580.80,585.74,12827092],
[1340236800000,585.44,588.22,577.44,577.67,11660894],
[1340323200000,579.04,582.19,575.42,582.10,10169473],
[1340582400000,577.30,579.80,570.37,570.76,10869808],
[1340668800000,571.33,574.49,567.33,572.02,9883929],
[1340755200000,575.00,576.74,571.92,574.50,7252110],
[1340841600000,571.67,574.00,565.61,569.05,10108649],
[1340928000000,578.00,584.00,574.25,584.00,15051433],
/* Jul 2012 */
[1341187200000,584.73,593.47,583.60,592.52,14288968],
[1341273600000,594.88,600.00,594.00,599.41,8632595],
[1341446400000,600.56,614.34,599.65,609.94,17299303],
[1341532800000,607.09,608.44,601.58,605.88,14965308],
[1341792000000,605.30,613.90,604.11,613.89,13550032],
[1341878400000,617.97,619.87,605.31,608.21,18284201],
[1341964800000,606.12,607.66,597.22,604.43,16761338],
[1342051200000,600.24,603.47,592.68,598.90,15285309],
[1342137600000,602.95,607.19,600.00,604.97,11129207],
[1342396800000,605.12,611.62,605.02,606.91,10760906],
[1342483200000,610.79,611.50,603.15,606.94,10493291],
[1342569600000,606.59,608.34,603.56,606.26,9024984],
[1342656000000,611.28,615.35,606.00,614.32,15602081],
[1342742400000,613.03,614.44,603.70,604.30,14195350],
[1343001600000,594.40,605.90,587.71,603.83,17427685],
[1343088000000,607.38,609.68,598.51,600.92,20183292],
[1343174400000,574.46,580.80,570.00,574.97,31330624],
[1343260800000,579.76,580.40,570.36,574.88,14528940],
[1343347200000,575.01,585.83,571.59,585.16,14430463],
[1343606400000,590.92,599.44,587.82,595.03,13540710],
[1343692800000,603.23,611.70,602.72,610.76,16511668],
/* Aug 2012 */
[1343779200000,615.90,616.40,603.00,606.81,13732106],
[1343865600000,602.84,610.69,600.25,607.79,11866029],
[1343952000000,613.63,617.98,611.56,615.70,12318372],
[1344211200000,617.29,624.87,615.26,622.55,10797144],
[1344297600000,622.77,625.00,618.04,620.91,10375356],
[1344384000000,619.39,623.88,617.10,619.86,8739440],
[1344470400000,617.85,621.73,617.80,620.73,7921798],
[1344556800000,618.71,621.76,618.70,621.70,6966435],
[1344816000000,623.39,630.00,623.25,630.00,9958209],
[1344902400000,631.87,638.61,630.21,631.69,12148832],
[1344988800000,631.30,634.00,627.75,630.83,9196754],
[1345075200000,631.21,636.76,630.50,636.34,9099172],
[1345161600000,640.00,648.19,638.81,648.11,15812842],
[1345420800000,650.01,665.15,649.90,665.15,21906527],
[1345507200000,670.82,674.88,650.33,656.06,29025180],
[1345593600000,654.42,669.00,648.11,668.87,20190091],
[1345680000000,666.11,669.90,661.15,662.63,15004224],
[1345766400000,659.51,669.48,655.55,663.22,15619159],
[1346025600000,679.99,680.87,673.54,675.68,15246943],
[1346112000000,674.98,676.10,670.67,674.80,9549189],
[1346198400000,675.25,677.67,672.60,673.47,7243012],
[1346284800000,670.64,671.55,662.85,663.87,10810399],
[1346371200000,667.25,668.60,657.25,665.24,12082801],
/* Sep 2012 */
[1346716800000,665.76,675.14,664.50,674.97,13138947],
[1346803200000,675.57,676.35,669.60,670.23,12012925],
[1346889600000,673.17,678.29,670.80,676.27,13977952],
[1346976000000,678.05,682.48,675.77,680.44,11773735],
[1347235200000,680.45,683.29,662.10,662.74,17428414],
[1347321600000,665.11,670.10,656.50,660.59,17997836],
[1347408000000,666.85,669.90,656.00,669.79,25436356],
[1347494400000,677.37,685.50,674.77,682.98,21369947],
[1347580800000,689.96,696.98,687.89,691.28,21445473],
[1347840000000,699.35,699.80,694.61,699.78,14215357],
[1347926400000,699.88,702.33,696.42,701.91,13339381],
[1348012800000,700.26,703.99,699.57,702.10,11673572],
[1348099200000,699.16,700.06,693.62,698.70,12020276],
[1348185600000,702.41,705.07,699.36,700.10,20413868],
[1348444800000,686.86,695.12,683.00,690.79,22848028],
[1348531200000,688.26,692.78,673.00,673.54,18527207],
[1348617600000,668.74,672.69,661.20,665.18,20596558],
[1348704000000,664.29,682.17,660.35,681.32,21217433],
[1348790400000,678.75,681.11,666.75,667.10,19111011],
/* Oct 2012 */
[1349049600000,671.16,676.75,656.50,659.39,19413703],
[1349136000000,661.81,666.35,650.65,661.31,22428234],
[1349222400000,664.86,671.86,662.63,671.45,15152817],
[1349308800000,671.25,674.25,665.55,666.80,13241259],
[1349395200000,665.20,666.00,651.28,652.59,21214444],
[1349654400000,646.88,647.56,636.11,638.17,22784981],
[1349740800000,638.65,640.49,623.55,635.85,29949841],
[1349827200000,639.74,644.98,637.00,640.91,18226990],
[1349913600000,646.50,647.20,628.10,628.10,19502871],
[1350000000000,629.56,635.38,625.30,629.71,16429095],
[1350259200000,632.35,635.13,623.85,634.76,15446423],
[1350345600000,635.37,650.30,631.00,649.79,19634688],
[1350432000000,648.87,652.79,644.00,644.61,13903949],
[1350518400000,639.59,642.06,630.00,632.64,17022216],
[1350604800000,631.05,631.77,609.62,609.84,26574431],
[1350864000000,612.42,635.38,610.76,634.03,19526056],
[1350950400000,631.00,633.90,611.70,613.36,25255171],
[1351036800000,621.44,626.55,610.64,616.83,19947396],
[1351123200000,620.00,622.00,605.55,609.54,23440199],
[1351209600000,609.43,614.00,591.00,604.00,36372262],
[1351641600000,594.88,601.96,587.70,595.32,18214353],
/* Nov 2012 */
[1351728000000,598.22,603.00,594.17,596.54,12908846],
[1351814400000,595.89,596.95,574.75,576.80,21406152],
[1352073600000,583.52,587.77,577.60,584.62,18903032],
[1352160000000,590.23,590.74,580.09,582.85,13389863],
[1352246400000,573.84,574.54,555.75,558.00,28344598],
[1352332800000,560.63,562.23,535.29,537.75,37719477],
[1352419200000,540.42,554.88,533.72,547.06,33210928],
[1352678400000,554.15,554.50,538.65,542.83,18421497],
[1352764800000,538.91,550.48,536.36,542.90,19043230],
[1352851200000,545.50,547.45,536.18,536.88,17041711],
[1352937600000,537.53,539.50,522.62,525.62,28211055],
[1353024000000,525.20,530.00,505.75,527.68,45246109],
[1353283200000,540.71,567.50,539.88,565.73,29398995],
[1353369600000,571.91,571.95,554.58,560.91,22955408],
[1353456000000,564.25,567.37,556.60,561.70,13329537],
[1353628800000,567.17,572.00,562.60,571.50,9743797],
[1353888000000,575.90,590.00,573.71,589.53,22520633],
[1353974400000,589.55,590.42,580.10,584.78,19046922],
[1354060800000,577.27,585.80,572.26,582.94,18609283],
[1354147200000,590.22,594.25,585.25,589.36,18382075],
[1354233600000,586.79,588.40,582.68,585.28,13974998],
/* Dec 2012 */
[1354492800000,593.65,594.59,585.50,586.19,13009871],
[1354579200000,581.80,581.80,572.13,575.85,19926056],
[1354665600000,568.91,569.25,538.77,538.79,37308479],
[1354752000000,528.94,553.31,518.63,547.24,42043113],
[1354838400000,553.40,555.20,530.00,533.25,28134542],
[1355097600000,525.00,538.51,521.58,529.82,22517225],
[1355184000000,539.77,549.56,537.37,541.39,21155129],
[1355270400000,547.77,548.00,536.27,539.00,17397590],
[1355356800000,531.15,537.64,525.80,529.69,22330661],
[1355443200000,514.75,518.13,505.58,509.79,36056357],
[1355702400000,508.93,520.00,501.23,518.83,27105146],
[1355788800000,525.00,534.90,520.25,533.90,22345289],
[1355875200000,531.47,533.70,525.50,526.31,16048632],
[1355961600000,530.00,530.20,518.88,521.73,17203114],
[1356048000000,512.47,519.67,510.24,519.33,21304222],
[1356307200000,520.35,524.25,518.71,520.17,6276711],
[1356480000000,519.00,519.46,511.12,513.00,10801290],
[1356566400000,513.54,516.25,504.66,515.06,16254240],
[1356652800000,510.29,514.48,508.12,509.59,12652749],
[1356912000000,510.53,535.40,509.00,532.17,23553255],
/* Jan 2013 */
[1357084800000,553.82,555.00,541.63,549.03,20017838],
[1357171200000,547.88,549.67,541.00,542.10,12605850],
[1357257600000,536.96,538.63,525.83,527.00,21225980],
[1357516800000,522.00,529.30,515.20,523.90,17291168],
[1357603200000,529.21,531.89,521.25,525.31,16382393],
[1357689600000,522.50,525.01,515.99,517.10,14557137],
[1357776000000,528.55,528.72,515.52,523.51,21469328],
[1357862400000,521.00,525.32,519.02,520.30,12526963],
[1358121600000,502.68,507.50,498.51,501.75,26220628],
[1358208000000,498.30,498.99,483.38,485.92,31313276],
[1358294400000,494.64,509.44,492.50,506.09,24671435],
[1358380800000,510.31,510.75,502.03,502.68,16201797],
[1358467200000,498.52,502.22,496.40,500.00,16898181],
[1358812800000,504.56,507.88,496.63,504.77,16483739],
[1358899200000,508.81,514.99,504.77,514.00,30767979],
[1358985600000,460.00,465.73,450.25,450.50,52173279],
[1359072000000,451.69,456.23,435.00,439.88,43141929],
[1359331200000,437.82,453.21,435.86,449.83,28054133],
[1359417600000,458.50,460.20,452.12,458.27,20395431],
[1359504000000,457.00,462.60,454.50,456.83,14898331],
[1359590400000,456.98,459.28,454.98,455.49,11404745],
/* Feb 2013 */
[1359676800000,459.11,459.48,448.35,453.62,19266727],
[1359936000000,453.91,455.94,442.00,442.32,17039822],
[1360022400000,444.05,459.74,442.22,457.84,20476648],
[1360108800000,456.47,466.50,452.58,457.35,21203716],
[1360195200000,463.25,470.00,454.12,468.22,25163582],
[1360281600000,474.00,478.81,468.25,474.98,22612712],
[1360540800000,476.50,484.94,473.25,479.93,18479788],
[1360627200000,479.51,482.38,467.74,467.90,21751816],
[1360713600000,467.21,473.64,463.22,467.01,16971603],
[1360800000000,464.52,471.64,464.02,466.59,12696643],
[1360886400000,468.85,470.16,459.92,460.16,13997311],
[1361232000000,461.10,462.73,453.85,459.99,15563459],
[1361318400000,457.69,457.69,448.80,448.85,17010698],
[1361404800000,446.00,449.17,442.82,446.06,15970740],
[1361491200000,449.25,451.60,446.60,450.81,11809092],
[1361750400000,453.85,455.12,442.57,442.80,13306352],
[1361836800000,443.82,451.54,437.66,448.97,17910582],
[1361923200000,448.43,452.44,440.65,444.57,20976704],
[1362009600000,444.05,447.87,441.40,441.40,11518391],
/* Mar 2013 */
[1362096000000,438.00,438.18,429.98,430.47,19730256],
[1362355200000,427.80,428.20,419.00,420.05,20812057],
[1362441600000,421.48,435.19,420.75,431.14,22801006],
[1362528000000,434.51,435.25,424.43,425.66,16437467],
[1362614400000,424.50,432.01,421.06,430.58,16731118],
[1362700800000,429.80,435.43,428.61,431.72,13985569],
[1362960000000,429.75,439.01,425.14,437.87,16936908],
[1363046400000,435.60,438.88,427.57,428.43,16639639],
[1363132800000,428.45,434.50,425.36,428.35,14493456],
[1363219200000,432.83,434.64,430.45,432.50,10852678],
[1363305600000,437.93,444.23,437.25,443.66,22998541],
[1363564800000,441.45,457.46,441.20,455.72,21649870],
[1363651200000,459.50,460.97,448.50,454.49,18813330],
[1363737600000,457.42,457.63,449.59,452.08,11023594],
[1363824000000,450.22,457.98,450.10,452.73,13687630],
[1363910400000,454.58,462.10,453.11,461.91,14110873],
[1364169600000,464.69,469.95,461.78,463.58,17897634],
[1364256000000,465.44,465.84,460.53,461.14,10510489],
[1364342400000,456.46,456.80,450.73,452.08,11836042],
[1364428800000,449.82,451.82,441.62,442.66,15820798],
/* Apr 2013 */
[1364774400000,441.90,443.70,427.74,428.91,13918927],
[1364860800000,427.60,438.14,426.40,429.79,18920462],
[1364947200000,431.37,437.28,430.31,431.99,12971961],
[1365033600000,433.76,435.00,425.25,427.72,12809234],
[1365120000000,424.50,424.95,419.68,423.20,13703354],
[1365379200000,424.85,427.50,422.49,426.21,10752106],
[1365465600000,426.36,428.50,422.75,426.98,10955445],
[1365552000000,428.10,437.06,426.01,435.69,13425964],
[1365638400000,433.72,437.99,431.20,434.33,11736299],
[1365724800000,434.15,434.15,429.09,429.80,8525897],
[1365984000000,427.00,427.89,419.55,419.85,11339958],
[1366070400000,421.57,426.61,420.57,426.24,10920394],
[1366156800000,420.27,420.60,398.11,402.80,33751923],
[1366243200000,404.99,405.79,389.74,392.05,23796309],
[1366329600000,387.97,399.60,385.10,390.53,21759743],
[1366588800000,392.64,402.20,391.28,398.67,15354206],
[1366675200000,403.99,408.38,398.81,406.13,23722707],
[1366761600000,393.54,415.25,392.50,405.46,34636913],
[1366848000000,411.22,413.94,407.00,408.38,13744165],
[1366934400000,409.81,418.77,408.25,417.20,27295570],
[1367193600000,420.45,433.62,420.00,430.12,22868730],
[1367280000000,435.10,445.25,432.07,442.78,24697766],
/* May 2013 */
[1367366400000,444.46,444.93,434.39,439.29,18112671],
[1367452800000,441.78,448.59,440.63,445.52,15072312],
[1367539200000,451.31,453.23,449.15,449.98,12911684],
[1367798400000,455.71,462.20,454.31,460.71,17737166],
[1367884800000,464.97,465.75,453.70,458.66,17276868],
[1367971200000,459.04,465.37,455.81,463.84,16878434],
[1368057600000,459.81,463.00,455.58,456.77,14241068],
[1368144000000,457.97,459.71,450.48,452.97,11958926]
]